VehicleOwner=James_McRey
VehicleOwn=1
VehicleC1=1
VehicleC2=1
VehicleX=291.482055
VehicleY=-1160.390869
VehicleZ=80.660385
VehicleA=0.090654
VirtualWorld=0
