VehicleOwner=[BG]sTrIx[BG]
VehicleOwn=1
VehicleC1=0
VehicleC2=0
VehicleX=1534.909790
VehicleY=-1607.601562
VehicleZ=13.189167
VehicleA=346.958251
VirtualWorld=0
