VehicleOwner=[BG]sTrIx[BG]
VehicleOwn=1
VehicleC1=1
VehicleC2=1
VehicleX=1520.132812
VehicleY=-1678.686035
VehicleZ=13.164793
VehicleA=303.634887
VirtualWorld=0
