VehicleOwner=sTrIx
VehicleOwn=1
VehicleC1=1
VehicleC2=1
VehicleX=1522.080810
VehicleY=-1695.956298
VehicleZ=13.330386
VehicleA=0.000000
VirtualWorld=0
