hOwner=0
hOwnerName=None
hX=993.739196
hY=-1059.031494
hZ=33.699501
hLocked=0
hInterior=7
hPrice=43000
