hOwner=0
hOwnerName=None
hX=2207.516113
hY=-1100.416992
hZ=31.554687
hLocked=0
hInterior=6
hPrice=56000
hcVeh=0
hcV=0.000000
hObjects=0
hVirtualWorld=0
hInterior2=0
hLevel=0
hcX=0.000000
hcY=0.000000
hcZ=0.000000
hcA=0.000000
hcC=0.000000
hcC2=0.000000
hObjectID[0]=0
hObjectX[0]=0.000000
hObjectY[0]=0.000000
hObjectZ[0]=0.000000
hObjectXR[0]=0.000000
hObjectYR[0]=0.000000
hObjectZR[0]=0.000000
