scX=1823.085937
scY=-1786.636596
scZ=13.382812
scAngle=182.739959
scVehID=411
scVehC1=0
scVehC2=0
scVehPrice=50000
