scX=1855.070190
scY=-1494.301513
scZ=13.372098
scAngle=153.914566
scVehID=411
scVehC1=2
scVehC2=2
scVehPrice=2
