bOwner=1
bOwnerName=sTrIx2
bX=2229.904541
bY=-1721.268432
bZ=13.561386
bLocked=0
bType=13
bPrice=23000
bFee=50
bName=GYM
bEarnings=450
