bOwner=0
bOwnerName=None
bX=2309.999511
bY=-1643.448242
bZ=14.827047
bLocked=0
bType=19
bPrice=23000
bFee=50
bName=BAR
bEarnings=0
bPayOut=0
bEP=0
bLevel=0
