bOwner=0
bOwnerName=None
bX=461.731231
bY=-1500.963989
bZ=31.043415
bLocked=0
bType=5
bPrice=520000
bFee=50
bName=PROLAPS
bEarnings=0
bPayOut=0
bEP=0
bLevel=0
