bOwner=0
bOwnerName=None
bX=810.485717
bY=-1616.407470
bZ=13.546875
bLocked=0
bType=6
bPrice=23000
bFee=50
bName=BURGER SHOT
bEarnings=0
bPayOut=0
bEP=0
bLevel=0
