bOwner=0
bOwnerName=None
bX=850.624572
bY=-1587.270507
bZ=13.546875
bLocked=0
bType=21
bPrice=23000
bFee=50
bName=RESTAURANT
bEarnings=0
bPayOut=0
bEP=0
bLevel=0
