bOwner=0
bOwnerName=None
bX=1043.366821
bY=-1384.354736
bZ=13.718133
bLocked=0
bType=20
bPrice=23000
bFee=50
bName=CLUCKIN' BELL
bEarnings=0
bPayOut=0
bEP=0
bLevel=0
