bOwner=0
bOwnerName=None
bX=1183.127563
bY=-1584.712402
bZ=13.546875
bLocked=0
bType=20
bPrice=23000
bFee=50
bName=CLUCKIN' BELL
bEarnings=0
bPayOut=0
bEP=0
bLevel=0
