bOwner=0
bOwnerName=None
bX=1162.431640
bY=-1602.215698
bZ=13.546875
bLocked=0
bType=8
bPrice=28000
bFee=50
bName=URBAN
bEarnings=0
bPayOut=0
bEP=0
bLevel=0
