bOwner=0
bOwnerName=None
bX=1352.369750
bY=-1759.252441
bZ=13.507804
bLocked=0
bType=1
bPrice=14300
bFee=50
bName=STORE
bEarnings=0
bPayOut=0
bEP=0
bLevel=0
