bOwner=0
bOwnerName=None
bX=1315.523803
bY=-897.682434
bZ=39.578125
bLocked=0
bType=4
bPrice=34000
bFee=50
bName=STORE
bEarnings=0
bPayOut=0
bEP=0
bLevel=0
