bOwner=0
bOwnerName=None
bX=1199.252075
bY=-918.141967
bZ=43.123249
bLocked=0
bType=6
bPrice=34000
bFee=50
bName=BURGER SHOT
bEarnings=0
bPayOut=0
bEP=0
bLevel=0
