bOwner=0
bOwnerName=None
bX=1221.738769
bY=-956.907348
bZ=42.937500
bLocked=0
bType=13
bPrice=43000
bFee=50
bName=GYM
bEarnings=0
bPayOut=0
bEP=0
bLevel=0
