bOwner=0
bOwnerName=None
bX=2244.221923
bY=-1665.521850
bZ=15.476554
bLocked=0
bType=5
bPrice=25000
bFee=50
bName=PROLAPS
bEarnings=0
bPayOut=0
bEP=0
bLevel=0
