bOwner=0
bOwnerName=None
bX=1087.716064
bY=-922.480773
bZ=43.390625
bLocked=0
bType=12
bPrice=43000
bFee=50
bName=SEX SHOP
bEarnings=0
bPayOut=0
bEP=0
bLevel=0
