bOwner=0
bOwnerName=None
bX=1000.585876
bY=-919.875122
bZ=42.328125
bLocked=0
bType=1
bPrice=12000
bFee=2
bName=STORE
bEarnings=0
bPayOut=0
bEP=0
bLevel=0
