bOwner=0
bOwnerName=None
bX=972.306030
bY=-1122.554443
bZ=23.846427
bLocked=0
bType=15
bPrice=32000
bFee=2
bName=CASINO
bEarnings=0
bPayOut=0
bEP=0
bLevel=0
