bOwner=0
bOwnerName=None
bX=1045.913208
bY=-1130.965820
bZ=23.828125
bLocked=0
bType=11
bPrice=62000
bFee=2
bName=DISCO
bEarnings=0
bPayOut=0
bEP=0
bLevel=0
