bOwner=0
bOwnerName=None
bX=650.718017
bY=-1575.959838
bZ=15.427985
bLocked=0
bType=5
bPrice=52000
bFee=2
bName=PROLAPS
bEarnings=0
bPayOut=0
bEP=0
bLevel=0
