bOwner=0
bOwnerName=None
bX=663.445007
bY=-1575.959960
bZ=14.547039
bLocked=0
bType=8
bPrice=46000
bFee=2
bName=URBAN
bEarnings=0
bPayOut=0
bEP=0
bLevel=0
