bOwner=0
bOwnerName=None
bX=702.304626
bY=-1779.643188
bZ=13.632804
bLocked=0
bType=7
bPrice=54000
bFee=2
bName=STORE
bEarnings=0
bPayOut=0
bEP=0
bLevel=0
