bOwner=0
bOwnerName=None
bX=685.351135
bY=-1775.097290
bZ=13.632804
bLocked=0
bType=5
bPrice=54000
bFee=2
bName=PROLAPS
bEarnings=0
bPayOut=0
bEP=0
bLevel=0
