bOwner=0
bOwnerName=None
bX=822.888488
bY=-1756.927734
bZ=13.654552
bLocked=0
bType=8
bPrice=75000
bFee=2
bName=URBAN
bEarnings=0
bPayOut=0
bEP=0
bLevel=0
