bOwner=0
bOwnerName=None
bX=816.147521
bY=-1584.460815
bZ=13.554450
bLocked=0
bType=19
bPrice=23000
bFee=2
bName=BAR
bEarnings=0
bPayOut=0
bEP=0
bLevel=0
