bOwner=0
bOwnerName=None
bX=1369.000244
bY=-1279.712280
bZ=13.546875
bLocked=0
bType=3
bPrice=32000
bFee=50
bName=AMMU-NATION
bEarnings=0
bPayOut=0
bEP=0
bLevel=0
