bOwner=0
bOwnerName=None
bX=1673.539306
bY=-1171.211791
bZ=23.966323
bLocked=0
bType=12
bPrice=12900
bFee=2
bName=SEX SHOP
bEarnings=0
bPayOut=0
bEP=0
bLevel=0
