bOwner=0
bOwnerName=None
bX=1791.879882
bY=-1163.131469
bZ=23.828125
bLocked=0
bType=1
bPrice=12900
bFee=2
bName=STORE
bEarnings=0
bPayOut=0
bEP=0
bLevel=0
