bOwner=0
bOwnerName=None
bX=2081.523681
bY=-1205.232788
bZ=23.933778
bLocked=0
bType=14
bPrice=45000
bFee=2
bName=GYM
bEarnings=0
bPayOut=0
bEP=0
bLevel=0
