bOwner=0
bOwnerName=None
bX=2112.869873
bY=-1211.454956
bZ=23.962863
bLocked=0
bType=8
bPrice=45000
bFee=2
bName=URBAN
bEarnings=0
bPayOut=0
bEP=0
bLevel=0
