bOwner=0
bOwnerName=None
bX=2380.743164
bY=-1213.527221
bZ=27.422292
bLocked=0
bType=2
bPrice=24300
bFee=2
bName=BAR
bEarnings=0
bPayOut=0
bEP=0
bLevel=0
