bOwner=0
bOwnerName=None
bX=2380.751464
bY=-1197.740478
bZ=27.414989
bLocked=0
bType=1
bPrice=14300
bFee=2
bName=STORE
bEarnings=0
bPayOut=0
bEP=0
bLevel=0
