bOwner=0
bOwnerName=None
bX=2460.676269
bY=-1336.768676
bZ=24.000000
bLocked=0
bType=9
bPrice=34000
bFee=2
bName=AMMU-NATION
bEarnings=0
bPayOut=0
bEP=0
bLevel=0
