bOwner=0
bOwnerName=None
bX=2460.676269
bY=-1343.981811
bZ=24.000000
bLocked=0
bType=19
bPrice=34000
bFee=2
bName=BAR
bEarnings=0
bPayOut=0
bEP=0
bLevel=0
