bOwner=0
bOwnerName=None
bX=2441.377685
bY=-1396.636108
bZ=24.000000
bLocked=0
bType=13
bPrice=44000
bFee=2
bName=GYM
bEarnings=0
bPayOut=0
bEP=0
bLevel=0
