bOwner=0
bOwnerName=None
bX=2419.703369
bY=-1509.052124
bZ=24.000000
bLocked=0
bType=6
bPrice=34000
bFee=2
bName=BURGER SHOT
bEarnings=0
bPayOut=0
bEP=0
bLevel=0
