bOwner=0
bOwnerName=None
bX=1044.197143
bY=-1308.873046
bZ=13.546875
bLocked=0
bType=19
bPrice=32000
bFee=50
bName=BAR
bEarnings=0
bPayOut=0
bEP=0
bLevel=0
