bOwner=0
bOwnerName=None
bX=2397.537597
bY=-1548.682250
bZ=24.164062
bLocked=0
bType=8
bPrice=34000
bFee=2
bName=URBAN
bEarnings=0
bPayOut=0
bEP=0
bLevel=0
