bOwner=0
bOwnerName=None
bX=2404.603027
bY=-1548.682128
bZ=24.164062
bLocked=0
bType=1
bPrice=34000
bFee=2
bName=STORE
bEarnings=0
bPayOut=0
bEP=0
bLevel=0
