bOwner=0
bOwnerName=None
bX=2481.538085
bY=-1758.016845
bZ=13.546875
bLocked=0
bType=1
bPrice=12000
bFee=2
bName=STORE
bEarnings=0
bPayOut=0
bEP=0
bLevel=0
