bOwner=0
bOwnerName=None
bX=2507.320556
bY=-1724.603027
bZ=13.546875
bLocked=0
bType=13
bPrice=32000
bFee=2
bName=GYM
bEarnings=0
bPayOut=0
bEP=0
bLevel=0
