bOwner=0
bOwnerName=None
bX=2068.663574
bY=-1773.636474
bZ=13.560499
bLocked=0
bType=1
bPrice=12000
bFee=2
bName=STORE
bEarnings=0
bPayOut=0
bEP=0
bLevel=0
