bOwner=0
bOwnerName=None
bX=1072.309692
bY=-1247.707885
bZ=15.451375
bLocked=0
bType=6
bPrice=32000
bFee=50
bName=BURGER SHOT
bEarnings=0
bPayOut=0
bEP=0
bLevel=0
