bOwner=0
bOwnerName=None
bX=1072.311157
bY=-1255.133789
bZ=14.831205
bLocked=0
bType=2
bPrice=37000
bFee=50
bName=BAR
bEarnings=0
bPayOut=0
bEP=0
bLevel=0
