bOwner=0
bOwnerName=None
bX=928.916809
bY=-1353.003417
bZ=13.343750
bLocked=0
bType=6
bPrice=120000
bFee=50
bName=BURGER SHOT
bEarnings=0
bPayOut=0
bEP=0
bLevel=0
