bOwner=0
bOwnerName=None
bX=816.156738
bY=-1386.084594
bZ=13.596737
bLocked=0
bType=11
bPrice=420000
bFee=50
bName=DISCO
bEarnings=0
bPayOut=0
bEP=0
bLevel=0
