bOwner=0
bOwnerName=None
bX=454.182952
bY=-1477.922973
bZ=30.812086
bLocked=0
bType=8
bPrice=520000
bFee=50
bName=URBAN
bEarnings=0
bPayOut=0
bEP=0
bLevel=0
